x: Stack+malloc area changed from 131072 to 8000 bytes.
-[ std ]----------------------------------------
[9]	62	51	154	316	62	365	22	38	127678	
[8]	62	196	316	62	365	22	38	127678	
[8]	62	187	316	62	365	22	38	127678	
[8]	62	178	316	62	365	22	38	127678	
[8]	62	169	316	62	365	22	38	127678	
[8]	62	160	316	62	365	22	38	127678	
[8]	62	151	316	62	365	22	38	127678	
[8]	62	142	316	62	365	22	38	127678	
[8]	62	133	316	62	365	22	38	127678	
[8]	62	124	316	62	365	22	38	127678	
[9]	62	9	124	316	62	365	22	38	127678	
[9]	62	18	124	316	62	365	22	38	127678	
[9]	62	27	124	316	62	365	22	38	127678	
[9]	62	36	124	316	62	365	22	38	127678	
[9]	62	45	124	316	62	365	22	38	127678	
[9]	62	54	124	316	62	365	22	38	127678	
[9]	62	63	124	316	62	365	22	38	127678	
[9]	62	72	124	316	62	365	22	38	127678	
[9]	62	81	124	316	62	365	22	38	127678	
[8]	62	216	316	62	365	22	38	127678	
-[ worst ]--------------------------------------
[10]	62	351	316	62	365	22	38	62	62	127408	
[11]	62	351	316	62	365	22	38	62	62	62	127337	
[12]	62	351	316	62	365	22	38	62	62	62	62	127266	
[13]	62	351	316	62	365	22	38	62	62	62	62	62	127195	
[14]	62	351	316	62	365	22	38	62	62	62	62	62	62	127124	
[15]	62	351	316	62	365	22	38	62	62	62	62	62	62	62	127053	
[16]	62	351	316	62	365	22	38	62	62	62	62	62	62	62	62	126982	
[17]	62	351	316	62	365	22	38	62	62	62	62	62	62	62	62	62	126911	
[18]	62	351	316	62	365	22	38	62	62	62	62	62	62	62	62	62	62	126840	
[19]	62	351	316	62	365	22	38	62	62	62	62	62	62	62	62	62	62	62	126769	
[19]	62	351	316	62	365	22	38	62	71	62	62	62	62	62	62	62	62	62	126769	
[18]	62	351	316	62	365	22	38	62	142	62	62	62	62	62	62	62	62	126769	
[17]	62	351	316	62	365	22	38	62	213	62	62	62	62	62	62	62	126769	
[16]	62	351	316	62	365	22	38	62	284	62	62	62	62	62	62	126769	
[15]	62	351	316	62	365	22	38	62	355	62	62	62	62	62	126769	
[14]	62	351	316	62	365	22	38	62	426	62	62	62	62	126769	
[13]	62	351	316	62	365	22	38	62	497	62	62	62	126769	
[12]	62	351	316	62	365	22	38	62	568	62	62	126769	
[11]	62	351	316	62	365	22	38	62	639	62	126769	
[9]	62	351	316	62	365	22	38	62	127481	
-[ std ]----------------------------------------
